%YAML:1.0
---
image_width: 640
image_height: 480
camera_matrix: !!opencv-matrix
   rows: 3
   cols: 3
   dt: d
   data: [ 5.3641465890932182e+02, 0., 3.4205692380150822e+02, 0.,
       5.3637785483139908e+02, 2.3594062273761432e+02, 0., 0., 1. ]
dist_coeffs: !!opencv-matrix
   rows: 1
   cols: 5
   dt: d
   data: [ -2.6577023812465184e-01, -4.2149137457602369e-02,
       1.9687750465762423e-03, -3.1948835089369923e-04,
       2.4275037470111668e-01 ]
reprojection_error: 4.2227618135038958e-01
