%YAML:1.0
---
image_width: 640
image_height: 480
model: fisheye
camera_matrix: !!opencv-matrix
   rows: 3
   cols: 3
   dt: d
   data: [ 5.3602899463035237e+02, 0., 3.4185445415465654e+02, 0.,
       5.3643091567118961e+02, 2.3518369800586294e+02, 0., 0., 1. ]
dist_coeffs: !!opencv-matrix
   rows: 4
   cols: 1
   dt: d
   data: [ 1.0332109587101641e-01, -7.6755822575320987e-01,
       3.5260031551459372e+00, -5.9074419459218701e+00 ]
reprojection_error: 4.3204373649949257e-01
